00110011001100110011001100110011001100110011001100110011001100110
01100110011001100110011001100110011001100110011001100110011001100
00110011001100110011001100110011001100110011001100110011001100110
01100110011001100110011001100110011001100110011001100110011001100
00110011001100110011001100110011001100110011001100110011001100110
01100110011001100110011001100110011001100110011001100110011001100
00110011001100110011001100110011001100110011001100110011001100110
01100110011001100110011001100110011001100110011001100110011001100
00110011001100110011001100110011001100110011001100110011001100110
01100110011001100110011001100110011001100110011001100110011001100
00110011001100110011001100110011001100110011001100110011001100110
01100110011001100110011001100110011001100110011001100110011001100
